Accuracy: 48.308172826652786 
Precision: 62.479753512080016 
Recall: 51.368978992985944 
F1-score: 0.4846838982400728 
