Accuracy: 70.68607068607069 
Precision: 69.47063710950019 
Recall: 69.82083777436637 
F1-score: 0.6959760683091165 
