Accuracy: 38.199052132701425 
Precision: 42.4631039776268 
Recall: 37.86049342929781 
F1-score: 0.249906348037368 
