Accuracy: 28.682977615825088 
Precision: 29.53375086986778 
Recall: 33.46121057118499 
F1-score: 0.15080969432938937 
