Accuracy: 48.30993239729589 
Precision: 62.48860177800233 
Recall: 51.35430992238504 
F1-score: 0.4846158879313438 
