Accuracy: 28.653146125845037 
Precision: 29.523809523809526 
Recall: 33.46137430644473 
F1-score: 0.15069267741023465 
