Accuracy: 32.709308372334895 
Precision: 41.37418924652967 
Recall: 36.71785190238979 
F1-score: 0.21737627245158886 
