Accuracy: 41.03992571959146 
Precision: 55.58377735110946 
Recall: 40.41710661321689 
F1-score: 0.2961102150907761 
