Accuracy: 34.84139365574623 
Precision: 54.588962893765924 
Recall: 38.385736440977865 
F1-score: 0.2505614764125528 
